        0.126977        0.125664     4.24881e-10               6
          0.1771        0.177715     3.85783e-09              12
        0.218036        0.217656     1.59593e-09               8
          0.2522        0.251327     3.05166e-08               6
        0.279833        0.280993     1.74066e-08              24
        0.310495        0.307812     2.05528e-08              24
        0.359145        0.355431     2.25757e-08              12
        0.374397        0.376991     2.36949e-08              30
        0.398497        0.397384     2.25958e-08              24
        0.415419        0.416779      3.0217e-08              24
         0.43306        0.435312     1.70123e-08               8
        0.451451        0.453087     2.47623e-08              24
        0.470622        0.470191     4.69135e-08              48
        0.500916        0.502655     3.38532e-08               6
        0.522188        0.518125     4.03997e-08              48
         0.53316        0.533146     4.22819e-08              36
        0.544363        0.547755     3.86609e-08              24
        0.567479        0.561985     3.32122e-08              24
        0.579403        0.575863     2.64581e-08              48
        0.591578        0.589415     3.38595e-08              24
          0.6167        0.615624     3.76141e-08              24
        0.629658        0.628319     3.18033e-08              30
        0.642888        0.640762      3.8458e-08              72
        0.656397        0.652968     3.18437e-08              32
        0.670189         0.67672     3.77293e-08              72
        0.684271        0.688288     4.29379e-08              48
        0.713329        0.710861     3.60972e-08              12
        0.728318        0.727311     4.02385e-08              96
        0.743621        0.743437     4.27264e-08              48
        0.759246        0.758605     4.82075e-08              54
          0.7752        0.774643      3.3047e-08              72
        0.791488        0.794767     1.52265e-08              24
        0.808119        0.807892     3.52555e-08             144
        0.825099        0.828795     4.31073e-08              48
        0.842437        0.842978     4.49599e-08              72
        0.860138        0.852293     3.36528e-08              48
        0.878211        0.878482     4.30876e-08              62
        0.896664        0.891792     3.51182e-08             132
        0.915505        0.918057     3.81625e-08             192
        0.934742        0.940381     2.43538e-08              48
        0.954383        0.951502     2.87734e-08              72
        0.974436        0.973353     2.90163e-08             144
        0.994911        0.989477     2.42951e-08              96
