-0.000134065
-0.000413933
-1.66078e-05
0.000133816
-0.000636075
-0.000486576
2.72617e-05
0.000211988
0.000106324
-0.000157413
3.279e-05
2.52974e-05
3.62793e-05
-0.000152319
-0.00010837
5.50416e-05
0.000115281
-0.000364203
-8.40795e-05
-0.000112279
-0.000207098
-0.00024342
-0.000498115
-3.99567e-05
-0.000139852
0.000247237
-0.000278772
0.000121311
0.00025789
-1.72622e-05
0.000362728
0.000230787
0.000601785
0.000335614
-6.97661e-05
-0.000153873
0.000490697
-1.36978e-05
-0.000185392
-6.54471e-05
-6.74703e-05
0.00012937
-0.000279119
-0.000722427
9.02576e-05
-0.000317547
0.000294597
0.000138788
-0.000230307
-3.1172e-05
0.000126687
2.15995e-05
0.000443567
-0.000327046
-0.000343928
-1.52194e-05
-0.000128993
6.89974e-05
3.93404e-06
-5.05455e-05
4.30279e-05
2.12326e-05
-0.000330636
0.000192312
-0.000409611
-0.000366902
-1.71139e-05
-0.000116734
-8.0916e-05
-0.000263739
-9.95488e-05
6.33871e-05
-0.0004268
-0.000300171
-0.000385576
-0.000364875
-0.000343262
-0.000156564
-0.000470628
-0.000567231
-3.66316e-05
0.000123301
8.21119e-05
-0.000148018
-4.26629e-05
-0.00024698
0.000122595
0.000261454
0.000136414
-0.000116463
-0.00031366
0.000124152
2.11364e-05
0.000172356
2.02934e-05
-6.39243e-05
2.08068e-05
-8.01502e-05
9.6383e-05
-1.17366e-05
-8.67326e-05
8.85087e-07
-1.00544e-05
0.000342513
-0.000176906
-0.000143006
0.000123137
0.000483724
0.000234498
7.65087e-05
0.000296527
0.000556159
0.000338543
0.000395666
-3.70805e-05
4.6538e-05
6.47627e-05
2.7111e-05
-6.75304e-05
-2.40643e-05
0.000301187
-0.000218647
-0.00012932
0.000102186
6.54764e-05
-0.000326589
-0.000156264
0.000108851
-0.000248322
-0.000149333
-0.000135622
3.8864e-05
0.00024869
-1.32582e-05
2.06044e-05
-0.000210585
0.000210422
-8.52444e-05
-9.56957e-05
0.000154872
-1.63797e-05
0.000174585
0.000283144
-8.59466e-05
-7.4257e-05
9.01088e-05
7.08892e-05
0.000215983
-0.000154775
-0.000200547
-0.000169682
-1.47958e-05
-5.413e-05
-0.000110945
-0.000102946
3.00233e-05
6.04588e-05
0.000262151
-0.000487465
-0.000346585
0.000712793
0.000253216
0.000326126
5.91836e-05
7.27702e-05
0.00022572
-6.07099e-05
0.000127044
3.29734e-05
0.00019534
0.00030249
-0.000150362
-0.000201835
-0.000306197
-0.000203298
0.000122008
0.000127801
-0.000221858
-0.000262773
-0.000122715
-0.000258665
7.37885e-05
-3.23905e-05
-0.000194716
0.000361015
0.000177049
-0.000409691
0.00024135
0.000154514
-0.000125814
-5.7453e-05
0.000252906
6.30955e-05
0.000152232
0.000232608
0.000139049
-0.000247273
0.000155903
0.000183837
0.00010265
9.47941e-05
0.000259044
-0.000238311
-1.95973e-05
-0.000534065
-0.00024782
6.77441e-05
8.45777e-05
6.75129e-05
1.57289e-05
6.82973e-06
-2.47487e-05
-3.032e-06
-0.000461243
5.22654e-05
0.000451311
4.47712e-05
-3.9974e-05
-0.000574311
-0.000249621
-4.21806e-05
0.000364232
0.000421406
3.77081e-05
-1.62544e-05
0.000304909
-0.000283192
-0.000207818
-2.87386e-05
-0.000289809
-0.00014042
3.66192e-05
7.7051e-05
8.80003e-05
-0.000488122
-0.0003595
-0.000500027
-5.65067e-05
1.84784e-05
-0.000213769
-4.9416e-05
-0.000390378
-0.000553019
-9.32315e-05
0.000124152
-0.000848388
-0.000577675
1.35746e-05
-0.000174535
6.22695e-05
-0.000416627
0.000306583
-0.000526344
-0.000197291
-2.36672e-05
-0.000105448
-0.000344867
0.000365597
0.000791707
0.000356353
-0.000102581
-3.02524e-05
0.000175848
0.000252495
-9.80435e-05
7.28335e-05
0.000171183
0.000124145
-4.79198e-05
9.56142e-05
-0.000191646
3.66665e-05
-5.47111e-05
-0.000529846
6.37368e-05
-0.00010447
-1.91087e-05
0.000144217
5.4306e-05
-0.000159801
8.00234e-05
-0.000116604
-9.70892e-05
-0.000501372
-6.712e-06
-9.09882e-05
0.000554755
0.000414899
0.000518842
6.73002e-05
3.55715e-05
8.37331e-05
0.000264742
-0.000190085
-6.56758e-05
0.000126412
0.000132686
-0.000197226
0.000296045
-0.000163494
-0.000151513
-0.000147217
6.20505e-05
0.000431862
-0.000298857
-0.000141416
-0.000177828
6.0622e-05
0.000381218
-0.000726716
0.000330507
0.000568101
-0.000225298
-0.000129607
0.000394146
0.000180627
7.16939e-06
-0.000106957
-0.000803196
-0.00048879
0.000148854
2.07007e-05
-0.000233577
0.000194458
7.45677e-06
-0.000132286
0.000306655
-1.73303e-05
-4.11839e-05
0.000159113
-0.000206222
4.11698e-05
6.14476e-05
-5.19865e-05
-0.000128595
-0.000204433
-0.000158034
0.000126492
-0.00029919
-0.000126478
0.000248745
-0.000203141
7.00479e-05
-6.5868e-05
0.000357455
0.000752347
0.0002347
-0.000176939
-3.39054e-05
5.19295e-05
0.000754115
1.72164e-06
-0.000122691
7.41512e-05
0.000410847
-0.000288497
0.000118589
0.000123424
-0.000220666
0.000131061
0.000121976
3.26785e-05
0.000605804
-0.000158607
-0.000276096
0.000248568
0.000543815
0.000220264
0.000188519
9.77227e-05
0.000197507
-0.000111389
-7.66597e-05
0.000213631
-0.000193932
-0.000125609
-0.000214324
-0.000230811
9.05459e-05
0.000137855
6.64608e-05
4.88439e-06
0.000249691
-2.28361e-05
-0.000258963
-0.000244632
-3.15133e-05
-0.000314143
0.0002961
-5.0586e-05
0.000146465
0.000340978
6.58175e-05
-0.000233121
0.00017021
-0.00026623
0.000266573
-0.000231845
-0.000109369
-2.79151e-05
-0.000105053
-0.000568349
-0.000379679
1.71529e-05
0.000179336
-6.95622e-06
7.03291e-05
-5.57214e-05
0.000103747
0.000150704
2.47944e-05
0.000266931
0.000116184
0.000385138
0.000416989
5.23322e-05
0.000408299
0.000466715
-0.000249909
0.000214655
-6.69464e-05
9.92705e-05
9.93784e-05
-8.67453e-05
-0.00013136
7.7678e-05
0.000186544
-0.000261982
-0.000500468
-0.000373208
-0.000327804
-0.000411664
0.000269541
0.000178746
5.04092e-05
0.000152772
-0.00010675
7.57236e-05
7.96514e-05
0.000147023
0.000114902
-3.21983e-05
-2.74896e-05
-0.00036374
0.000468104
2.38131e-05
-0.000306633
-0.000303871
0.00057442
0.000140715
-0.000159457
1.73505e-05
-8.40101e-05
0.00022897
-0.000142771
5.35869e-06
0.000185182
1.30234e-05
0.000260207
0.000258611
0.000812253
-0.00013016
0.000182997
-3.77628e-05
0.000500478
0.000175468
-0.000336514
0.000138395
-0.000177991
-3.86119e-05
0.000342295
0.000136181
5.02093e-05
0.00052367
0.000343257
-0.000177032
-0.000221917
-0.000281815
-0.000235556
-0.000191367
2.67073e-05
-0.000409046
-0.000124666
9.88281e-05
2.83181e-05
0.000775685
2.15302e-05
-0.000393274
0.00013167
0.000724801
-1.37645e-05
0.00021983
-0.000184908
-2.17887e-05
0.000127594
-1.66998e-05
-6.46072e-05
5.13971e-05
0.000339809
0.000323117
0.000514862
-0.000139272
-0.000307692
0.000337108
-1.42754e-05
-0.0001621
-0.000124781
-2.78215e-05
0.000428015
-0.000202691
-1.92063e-05
4.56635e-05
-0.000371518
-3.32179e-05
0.00072414
6.15872e-05
2.89688e-06
-0.000189542
-7.20903e-05
5.50388e-05
0.000447237
0.000539854
6.05578e-05
2.23877e-05
0.000101153
-0.000170169
-0.0001858
2.73029e-05
-0.000103677
-0.000131436
3.69437e-05
-0.000182136
5.14689e-05
-0.000239636
5.52958e-05
1.48431e-06
-7.40601e-05
0.000131542
-3.49676e-05
-6.70794e-05
-0.000176061
-0.000110071
0.000311471
0.00018489
-0.00017389
0.000120711
-0.000109765
0.000157507
-5.60056e-05
0.000193966
-0.00014825
-6.48567e-05
-0.0001522
9.36025e-05
-0.000235047
0.000298032
-2.60902e-05
-0.000112943
-0.000432682
0.000115416
-0.000457456
8.27704e-06
0.000269485
0.000159333
0.000139146
-0.000335457
-3.88183e-05
0.000134333
-0.000167386
2.84286e-05
0.000206741
-8.01902e-05
3.27469e-05
0.000220216
-0.000288371
-0.000221768
3.86772e-05
-0.00022355
-2.11846e-05
-0.000128941
-0.000307842
-6.91847e-05
0.000324426
1.24378e-06
7.16186e-05
-0.00026588
3.43742e-05
0.000134467
0.00010835
0.000137933
9.17185e-05
3.35509e-05
0.000262672
0.000143253
-0.000117999
-6.49896e-05
0.000273521
-0.000264842
0.00024638
-0.000258249
-4.49215e-05
0.000140674
-0.00020136
-0.000146077
0.00027391
-5.50898e-05
4.16057e-05
5.22051e-05
-8.51387e-05
-0.00030576
0.000145201
-0.000193436
0.000150362
0.000413545
1.42654e-05
-0.000174587
0.000142888
0.000136937
0.000195289
2.27538e-05
-0.000308651
-0.000107045
-0.000205563
-0.000125996
0.000212089
-4.56933e-05
-0.000119475
-3.09684e-05
-0.000238357
0.000341638
0.000193617
-8.05653e-05
-9.4561e-05
0.000286592
0.000275987
7.90084e-07
0.000394886
0.000406518
0.000210935
1.27438e-06
-0.000251536
4.01372e-05
0.000338636
-0.000339491
5.41673e-05
-0.00013431
6.75914e-06
0.000114946
-0.000171138
-0.000403054
0.000148927
-0.000162167
0.000419784
2.27829e-05
0.000101471
-0.00016892
-0.000630629
-0.000574212
6.39925e-05
-0.000252309
-1.10191e-05
-2.27316e-05
-0.000159132
1.69821e-05
9.93979e-06
2.4587e-05
0.000209596
0.000306785
-9.99437e-05
-4.94668e-05
0.00014149
-0.000180441
-0.000328245
-0.000653486
-0.000120452
-0.000195969
4.9649e-05
6.25728e-05
-1.03583e-05
-6.55739e-05
-4.50645e-05
0.000220892
-5.31954e-05
0.000291294
-0.000196786
4.6416e-05
-5.20466e-05
0.000419619
-0.000522534
-0.000150576
-1.75998e-05
-0.000353113
-0.000136777
7.66348e-06
-7.37955e-05
-5.23266e-05
1.05021e-05
-0.000155039
6.64051e-05
-0.000592147
-0.000559494
0.000995811
0.000121654
-9.03843e-06
0.000192507
0.000135803
0.0003248
0.000328177
-0.000266518
0.000128968
3.54982e-05
0.000116887
-0.00013931
-0.000187941
-0.000178506
-0.000523977
0.000386279
0.000478017
-0.000139799
-0.000287012
3.07846e-06
0.000188892
0.000111367
4.76228e-05
-6.45567e-05
0.000310907
0.000100482
7.13668e-05
2.25206e-06
-8.59592e-06
-1.70245e-05
0.000140623
6.12814e-05
-0.000128071
0.000114991
-5.09684e-05
5.1429e-05
-9.77219e-05
0.00017804
-0.00035665
0.000229526
0.00121613
-0.000357136
-0.000327779
-0.000115546
-0.00015762
-3.64401e-05
0.000492236
0.000201788
-0.000372936
-0.000159946
-3.32337e-05
4.84576e-05
-6.47842e-05
-0.0002101
4.52554e-06
-0.000190753
-0.00015178
-0.000633442
5.57322e-05
-8.53199e-05
-0.000274677
-0.00013352
-0.000128246
6.52683e-05
0.000118134
7.55092e-05
0.000113508
0.000336704
-0.000353398
-0.000384192
0.000200166
-0.000366661
0.00051869
7.83899e-05
-0.000409273
0.000182718
0.000474833
0.000328041
-0.000110533
-8.05845e-05
0.000107898
9.57728e-05
0.000281691
-3.56904e-05
-0.000144658
0.000121952
0.000145439
-0.000124783
-0.000301032
-0.000192432
0.000135643
0.000161531
9.56229e-05
0.000423214
3.71514e-05
8.58794e-05
-8.20222e-05
-0.000208897
-9.15184e-05
0.000305724
-2.34096e-05
-3.27604e-06
0.000248682
1.87e-05
6.32049e-05
0.000283892
-0.000110308
-0.000163163
-0.000435573
4.11024e-05
-8.8789e-05
-9.28339e-05
-0.0001432
7.26036e-05
-8.44915e-05
7.5587e-05
0.000641912
0.00028846
-0.00017537
-0.000166454
-3.46793e-07
-0.000209904
-2.3294e-05
-5.28744e-07
-8.34083e-05
-0.000285045
4.38778e-05
1.36855e-05
-0.000134571
8.98344e-06
-0.000122858
-0.000409112
0.000216958
-4.51959e-05
-0.000164767
1.26239e-05
-3.52477e-05
0.000127526
-2.6258e-05
2.44941e-05
7.85277e-05
8.39122e-05
5.29535e-05
1.41422e-06
-0.000181361
-4.9164e-05
0.000178527
5.91573e-05
-0.000458649
-0.000563095
0.000151426
2.60853e-05
-0.000133332
4.55803e-05
9.37884e-05
-5.51413e-05
-3.24897e-05
1.69376e-05
-0.000244516
-0.000340021
-0.000280266
-4.21167e-05
0.00030242
-0.000508389
-0.000594312
0.000272434
-6.29381e-05
-3.36888e-05
0.000154347
0.000232992
-9.96484e-05
-8.99022e-05
-6.73433e-05
-0.000152402
1.53417e-05
-0.000378187
-0.000401639
-0.000277318
-0.000307133
0.000366161
0.000672245
-0.000376317
-0.000175822
-0.000306128
0.000219256
0.000368781
3.60235e-05
-0.000108056
0.000137228
-0.000131743
5.96559e-05
0.000385554
7.53273e-05
0.000123236
-0.000218211
0.000887793
0.000636039
0.000232162
0.000111177
-0.000384537
-0.00022613
-0.000321953
0.000163937
-0.000253411
0.000363376
-0.000215248
-0.000337002
0.000106135
3.59266e-06
0.000176279
1.22199e-05
-0.000325203
0.000125323
-0.000160308
-0.000138694
-0.000414467
9.4421e-05
-5.85264e-07
-2.65238e-05
8.14248e-05
-0.00041733
-0.000280213
-5.95848e-05
-0.000191454
-0.000111329
-0.000164119
-0.000271674
0.000256473
-0.000161763
-0.000246294
0.000177107
-6.43919e-06
-0.000349303
-2.78914e-05
-7.41858e-06
0.000180124
-7.42957e-05
3.31281e-05
0.00031755
-0.000143327
-0.000450176
-0.000302078
-0.000184287
-0.000428007
-0.000392447
-0.000376703
-0.000378342
0.000104466
0.000142285
3.05459e-05
-0.000144537
-1.70156e-05
1.56517e-05
-7.7136e-05
0.000178233
-0.000776145
-0.000519949
0.000819181
0.000472103
7.34423e-05
2.98815e-06
-3.32805e-05
-0.000428868
-7.30623e-05
-6.51564e-06
-0.000144281
-7.25527e-05
6.14471e-05
0.00019664
0.00028755
-0.000185691
-0.000284581
-0.000282625
0.000283945
0.000161502
2.44216e-05
-1.60608e-05
0.000300773
4.6848e-05
-0.000564501
0.000429853
0.000146294
0.000343872
-0.000220497
0.000183601
0.000179535
-0.000174965
6.42239e-05
8.0439e-05
0.000315195
0.000158981
6.17863e-05
6.45367e-05
9.70487e-05
0.000223703
-0.000800212
0.000599647
0.000244132
-0.000290924
-0.000198497
-0.000217476
-0.000456179
0.000192575
-7.43957e-05
6.30071e-05
8.63288e-06
-0.000121409
0.000190014
0.000109908
-0.000184807
-3.03689e-05
-0.00020574
0.000448777
0.000161707
-0.000351885
8.66072e-05
0.000120697
3.35531e-05
-1.02402e-05
-8.14312e-05
-9.93052e-06
-0.000178899
-0.000186151
-9.03326e-05
9.31823e-05
7.86545e-05
7.40727e-06
-0.000401989
0.000159755
-2.44583e-05
-0.000276732
0.000176366
7.71925e-05
0.000185232
5.86848e-05
8.75045e-06
-0.000121293
-1.82027e-05
0.0001433
0.000241502
7.48788e-05
-0.000349653
0.000349312
-0.000154103
-8.58883e-05
4.01776e-05
0.000290275
-9.22236e-05
-0.000387772
-0.000196571
0.00011386
0.0004283
3.09043e-05
-4.85685e-05
-6.56902e-05
-0.000210839
0.000241309
0.000181412
-0.000264996
-3.34029e-05
0.000116702
0.000127425
-0.000317115
-0.000358882
-0.000133341
-0.00028614
4.46556e-05
-9.02291e-05
0.000428657
-2.35616e-05
9.59642e-05
-4.04007e-05
0.000326567
-0.000271269
-0.00018889
-1.79232e-05
4.22299e-05
-1.04642e-05
-0.000232866
0.000520711
0.000321654
-0.000262883
0.000113805
-0.000483898
-7.1292e-05
-0.000133991
6.72728e-05
6.70671e-05
0.000165958
2.89226e-05
0.000101445
-2.87469e-05
-0.000239489
-9.29359e-05
8.43106e-05
-9.77985e-05
9.89528e-05
0.000216316
-0.000147914
0.000742671
0.000720357
0.000172286
-0.000357339
0.000504013
-0.000104446
-0.000353549
-4.87996e-05
7.93248e-05
0.000187726
-1.20625e-05
-0.000128073
6.96073e-05
-0.000170289
0.000249145
-5.1152e-05
4.70337e-05
0.00021793
0.000180502
0.000370596
-0.000890248
-0.000475968
2.57858e-05
-0.000201866
-5.59724e-05
0.000178895
-6.54555e-05
-6.84375e-05
3.98979e-05
-1.95816e-05
-6.80473e-05
-0.000403179
-0.00114745
-0.000649712
-0.000302062
-0.000389427
0.000243538
0.000662965
6.0452e-05
2.3216e-05
-0.000413094
-0.000360387
-0.000281176
-5.11595e-05
4.53073e-05
-8.15574e-06
-0.000209349
0.000357394
0.000822441
0.000182046
-0.000139141
-0.000474733
0.000712328
0.00062143
0.000316346
0.000380256
-0.000136355
-0.000224623
-0.000251503
-8.14443e-05
0.000128448
2.4995e-05
0.000276574
0.000233104
-6.84035e-06
-9.87729e-07
0.000171571
0.000403184
-0.000380052
0.000472757
0.0006848
0.000262999
8.37993e-05
0.000283993
-1.05745e-05
3.63297e-05
-0.000142514
5.22488e-05
0.000163038
-0.000231693
0.000179102
1.16679e-05
-2.41923e-06
-4.53746e-06
2.45237e-05
-0.000196137
-0.00017328
2.66456e-06
9.70016e-05
2.41414e-05
-5.93305e-05
2.76453e-05
-7.53055e-06
-0.000212248
-6.44317e-05
-2.55002e-05
0.000167994
0.000115729
-0.000609503
-9.41303e-05
-0.000343512
-4.76094e-05
-0.000254439
4.33705e-05
-0.000148098
-0.000173939
-0.000277579
9.54017e-05
0.000167811
-0.000158603
9.90469e-05
0.000119727
0.000192699
-0.000457966
-0.000819445
0.000232481
-6.92998e-05
0.000111188
-0.000426365
-0.00043408
0.000218344
-1.67347e-05
0.000218417
0.00025005
0.000268137
0.000276908
-0.00012615
-9.63128e-05
-5.85488e-05
-0.000351265
-0.000254547
0.000604332
-5.82897e-05
2.22432e-05
3.82294e-05
-0.000618401
0.000138941
0.000819012
-0.000133104
0.00018714
-0.000225917
-8.96329e-06
0.000211076
0.000198868
0.000317135
0.000275097
0.00015284
0.000167095
0.000145495
0.000302548
0.000222473
-0.000255628
-0.000414146
0.000793106
-0.000154412
-8.32997e-05
-0.00023973
1.24036e-05
-0.000296856
-4.70514e-05
3.31239e-05
0.00051213
-3.14003e-05
-2.0429e-05
0.000153507
0.000294667
0.000817342
-0.000251797
-0.00037853
0.000324367
0.000211335
-6.05506e-05
0.00021173
-0.000420718
-0.000117956
-6.52403e-05
5.43916e-05
-0.000199949
-0.000330661
-2.76036e-06
-2.70946e-05
-0.000217076
0.000305375
0.000160932
-0.000261089
6.60395e-05
-0.000203612
6.79743e-05
0.000663348
0.00011359
-3.08911e-05
7.23023e-05
0.000139301
9.50248e-05
0.00034786
5.27258e-05
0.000237785
-6.7731e-05
-4.60273e-05
-3.58274e-05
2.0666e-05
9.45515e-05
-3.54765e-07
0.000180564
0.000252781
-3.91377e-05
-1.50337e-05
-0.000487329
3.62398e-05
-0.000117693
-4.2937e-05
-0.000166858
-2.77664e-06
8.59623e-05
2.6847e-05
-9.5408e-05
0.000104178
-9.68701e-05
2.56329e-05
-0.000313523
-0.000339497
0.000238933
6.73699e-05
-0.00035715
0.000255249
-1.17808e-05
0.000110483
-2.6328e-05
0.000415894
0.000295516
-0.000681259
0.000274286
9.95374e-06
0.000268255
-0.000139488
1.99581e-05
0.000787497
-0.000276692
0.000249505
-0.000146034
0.000105069
-1.54997e-05
-2.52084e-05
0.000153771
-3.7394e-05
0.000273194
-4.67489e-05
0.000222583
-8.93464e-05
-0.000293496
-0.000179492
-0.000143736
0.000454347
-0.000334754
-0.000108743
9.24694e-06
0.000865099
0.000830056
0.00102843
0.00084861
-0.000592238
-0.00039774
-0.000510389
0.000100102
0.000367282
0.000164493
-8.66281e-05
0.000127545
6.83199e-05
0.000151233
-0.000392854
-0.000331402
0.000339802
0.000408458
0.000546568
-0.000475344
-0.000101022
-0.000353761
0.000139473
-0.000162905
-0.000156745
0.000223859
2.13724e-05
0.000112
0.000120007
0.000119086
-9.59683e-05
-0.000299031
-0.000890824
-0.000423397
-0.000165157
-0.000519814
-0.000100131
-2.9559e-05
0.000192557
0.000229344
-7.73744e-05
-0.000253394
4.14444e-05
4.7279e-05
0.000190826
8.85773e-06
2.08827e-05
0.000117136
0.000110991
-0.000514938
-0.000571026
-0.000135862
0.000278902
1.22458e-05
-5.86987e-05
-0.000173957
0.000392051
3.53762e-05
0.000142894
-0.000170671
-2.65966e-05
-0.000205292
-0.000128455
4.26765e-05
4.3867e-05
0.000355365
0.000315662
0.000134288
-4.35515e-05
0.000130588
0.000254849
2.02074e-05
0.000106186
0.000134411
-4.67178e-05
-0.000147684
-0.000136918
6.0424e-06
0.00047351
0.000231842
-7.04774e-05
-0.000174857
0.00019707
-0.000113233
-1.52572e-06
-7.33462e-05
0.000296871
0.000584474
0.000260331
0.00040803
0.00028049
-6.63145e-05
-0.000254754
0.000157697
0.000196192
0.00025352
0.000199301
0.000212052
4.91848e-05
-0.000467707
7.99734e-05
-2.72614e-05
-0.000403956
0.00094037
0.000191095
1.07944e-05
-0.000288028
-0.00029988
-0.000164714
-0.000125925
-8.73407e-05
0.000235175
0.00048675
0.000773829
-0.000642115
-0.000271655
-0.000340288
-2.92197e-05
-0.000635534
-0.000162414
0.00111568
-6.36514e-05
-0.000189822
-8.2374e-05
0.000128746
0.000258062
8.17332e-05
-0.000307867
-0.000733844
-0.000137423
-0.00060604
-0.000161077
-4.47447e-05
-0.000142422
-0.000111437
-0.000547785
-1.09402e-05
-0.000102462
0.000133394
-1.18543e-05
-0.000463553
0.000302403
0.000211489
-9.89963e-05
-8.32968e-05
-0.000288037
-8.78342e-05
0.000116004
9.28796e-05
0.000277901
6.02922e-06
-0.000193585
-0.000458515
-0.000514451
-9.94503e-05
0.000207073
-9.72248e-05
-7.28949e-05
-0.000286762
-0.000303125
0.000150582
2.93567e-05
-7.67185e-05
0.000216589
7.38931e-05
5.30255e-05
0.000270978
-8.63946e-05
-0.000134872
-0.00020371
-1.17993e-05
-0.000164987
0.000323526
0.000194022
-0.000222731
0.000197459
-2.97865e-06
-0.000452595
-0.000202163
-0.000117155
-4.30246e-05
0.000142793
0.000279014
-9.58729e-06
-3.18156e-05
-0.000162597
-9.83931e-05
4.77324e-05
-0.000328202
-0.000198582
-0.000287176
5.83896e-05
0.000249742
-6.47952e-05
0.00030889
-0.000133576
0.000112441
-0.00016273
-0.000233033
-0.00021512
3.93898e-05
-0.000182289
0.000316286
7.93269e-06
-0.000557045
-0.000442298
0.000340355
-0.000437812
-0.000373604
0.000779055
0.000259388
-0.000228876
5.76189e-05
8.41905e-06
2.34965e-05
0.000345058
-2.16611e-05
4.37716e-05
-0.000137838
-0.000303213
0.000122273
-0.000150565
0.000792804
-0.000430953
-0.000285571
0.000376616
-0.000412409
0.000116514
7.00403e-05
7.00387e-05
-5.91631e-05
0.000266169
-0.000154034
0.000454109
0.000207564
-0.000498728
0.000320662
-0.000169877
0.000293995
-0.000585084
-0.000370456
8.54309e-05
0.000139355
0.000108539
-0.000480215
-3.91717e-05
-0.000324615
-9.98919e-05
-0.000158514
-0.000157074
-0.00026466
3.26544e-06
2.40619e-05
8.87922e-05
1.31957e-05
2.37693e-05
-0.000439644
-6.76232e-05
0.000632514
-2.98896e-05
-0.000157802
-0.000177212
-8.56459e-05
0.000156265
-0.000229139
-2.42579e-05
-0.000330897
0.000103981
-4.00726e-05
0.000335753
-0.000328249
-0.000133919
-0.000378731
0.000513297
0.000820219
-0.000753873
-6.9114e-05
-0.000375217
0.000338311
0.000158209
-0.000354444
3.64136e-05
1.51529e-05
8.56967e-05
0.000206857
3.1383e-05
0.00030148
-4.96757e-05
-0.000181044
0.000513981
-0.000713209
-0.0008884
0.000290757
0.000519491
-0.00045612
0.000179365
-8.25695e-05
-3.28797e-05
-1.34397e-05
-0.000153475
-1.68161e-05
-0.00011875
0.000283663
1.1418e-05
0.000185295
-0.000599956
-0.000383678
-0.000109371
0.000590847
0.00117053
0.000312649
-7.27612e-05
0.000178988
7.22415e-05
-0.00023072
-0.000189779
-0.000131212
0.000124015
0.000254444
-0.000275279
-0.000381919
-0.000458804
0.000206473
0.000283526
-0.000143706
-0.00024837
-8.92003e-05
0.00017371
0.000269477
-3.50983e-05
0.000178238
0.000125339
5.17093e-05
-5.2643e-06
0.000162299
0.000370825
0.00018011
0.000617025
0.000540338
0.000365518
2.33806e-06
-3.79683e-05
8.81738e-05
0.000324504
0.000199889
0.000263232
0.000184753
0.000254145
0.000251485
0.0001065
-4.87822e-05
-2.32879e-05
6.46391e-05
0.000518331
0.000634113
-0.000158196
9.53292e-05
0.000156871
-0.000265653
0.000335591
0.000583417
0.000459906
0.000456991
0.000178837
0.000138194
-0.000148169
-0.000140962
-1.00309e-05
0.000197406
0.000151884
0.000469951
-0.000134885
-0.000207547
6.96623e-06
-0.000469738
-0.000669092
0.000173736
-0.000112501
-0.00029326
-0.000290468
0.000214732
4.43992e-05
0.000100782
-0.00022155
0.000386024
6.4392e-05
-0.000245311
-0.000122706
-0.000269784
0.000219924
0.000486092
-0.000326976
-0.000723149
-0.000499688
-1.26285e-05
-0.000117741
-0.000171295
2.59534e-05
7.59533e-05
-0.000201637
-0.000802291
-1.07718e-05
-6.86143e-05
-0.000526766
0.000181741
-0.000409615
-8.79101e-05
0.000171373
0.000196897
-2.9161e-05
-0.000252152
0.000329243
-0.000313527
1.3898e-05
-0.000126175
9.09729e-05
0.000647186
-0.000592394
-0.000319158
-7.93472e-05
0.000119676
0.000159633
-0.000186337
2.00768e-05
0.000191475
0.000115055
-4.68338e-05
0.000223634
-0.000324879
6.68542e-05
-0.000333306
0.000217395
0.000408247
0.000372148
0.000463564
0.000188435
0.000261549
8.57838e-05
0.000102984
1.11489e-05
-6.45332e-05
0.000113621
-0.000186596
-0.000220123
0.000124899
0.000155971
-0.000204712
-0.000388013
0.000166221
-0.000161256
0.000174349
0.00010583
0.000124207
-0.000191735
-4.11463e-05
3.52939e-05
5.6436e-05
-0.000137176
0.000301954
-0.000265194
-0.000152385
0.00099705
0.000278834
-0.000778599
0.000242975
0.000651676
0.000539413
-0.000253073
0.000103883
7.68928e-05
5.93999e-05
7.33055e-05
-8.9829e-05
0.000180032
0.000140574
-0.000401914
0.000308996
0.000126289
0.000179788
-0.000462671
-0.000654061
0.000902401
-4.08858e-05
-0.000130393
-9.8597e-05
-0.000291366
-0.000170217
0.000175321
0.000111785
0.000204901
0.00134976
-0.000394341
-5.53506e-05
-0.000155807
0.000345484
0.000450756
-0.000959848
-0.000279664
0.000260384
-3.41148e-05
9.40686e-05
5.12243e-05
4.41248e-06
-5.35903e-06
0.000451319
0.000592126
0.000268351
-0.000242662
0.000262722
-3.58145e-05
7.41476e-05
0.000429582
0.000176058
-0.000214157
-0.000288004
-1.04713e-05
-0.000136277
-0.000153527
0.000365079
7.31054e-05
3.87572e-05
-0.000278688
-0.000896284
-0.000149661
-0.000242426
-0.000170203
-0.00022597
1.1656e-05
-1.09008e-05
0.000230831
0.000661777
-0.000135391
-0.000183445
-0.000155676
-0.000178452
-0.000427839
-0.000551112
-0.00057197
1.10374e-05
-9.52859e-05
-0.000120416
6.5886e-05
-6.53377e-05
4.24608e-05
-9.40319e-05
0.000535819
-0.000393096
-0.00131927
0.0015265
0.000444331
-0.000257589
0.000109353
0.000359613
0.000324953
2.43534e-05
-0.000600348
-0.000231918
0.000190092
-0.000254171
-0.000222969
0.000156081
0.000210943
-0.00102899
0.000269356
0.000941892
0.000822726
0.000221166
0.00011381
0.000211269
-0.000133159
0.000690616
0.00023983
-6.50141e-05
0.000143139
8.23881e-05
-2.50207e-05
-8.76893e-05
-0.000430127
-0.000111991
0.000622936
-0.000300221
-0.000217974
-0.000246241
-0.000108544
-5.37971e-05
-0.000176152
0.000246765
0.000566784
-0.000233706
-0.000139195
0.000284027
0.000315778
-0.000203365
-8.83391e-05
0.000123363
-0.000324863
2.02009e-05
-3.90246e-05
0.000103542
-0.000394041
-0.000242164
0.000209309
-9.34599e-05
0.000265147
-7.72978e-05
-8.08103e-05
-5.49341e-06
1.6792e-05
-4.68426e-06
6.26849e-05
-0.000348708
-6.86194e-05
0.000251969
-0.000385806
-0.000194865
-0.00022262
-0.000372148
-0.000360105
0.000187305
-0.000175004
8.37902e-05
0.000142753
-3.22455e-05
0.000241615
7.21696e-05
0.000532723
0.000174719
0.000247558
9.7622e-05
0.000330215
0.000325377
-0.00011464
-0.000696843
-0.000624105
-0.00067509
-0.000289534
-3.85643e-05
0.000117257
0.000143617
-0.00020775
0.000302924
-0.000152736
0.000398549
0.000458567
-0.000302055
0.000161907
0.000733216
0.000523696
-0.000105263
-0.000449338
-0.000110285
-9.86334e-05
-8.88121e-05
-8.92292e-05
-0.000326277
-0.000294968
-0.000537692
-0.000255768
-0.00011203
-6.04971e-05
-0.000635455
-0.000438286
0.000285573
-5.13661e-06
-0.000385628
0.000708935
0.000597211
-0.000507714
0.000267939
0.000211111
0.00019939
-0.000143657
-0.000273876
-6.7627e-05
-0.000805226
-0.000494862
0.000770159
-0.00029659
-0.000336883
0.000120465
-0.000111364
0.000415004
-0.0007686
0.000295434
4.76817e-05
0.00010641
-0.000356967
-6.80989e-05
0.000377871
-7.58564e-05
0.000432306
0.000281948
-2.84144e-05
0.000179009
0.000157222
-0.000132628
0.000111427
0.000571498
-0.000162736
-0.000152609
0.000267859
3.72644e-06
0.000397313
-0.000470684
-0.0001433
-2.82402e-05
0.000344001
4.68231e-05
0.000129906
3.85425e-05
-5.23836e-05
-7.50052e-05
-9.20844e-05
-5.98537e-05
-8.00379e-05
-0.000457767
0.000440898
0.000312943
0.000408411
-0.000558904
0.000571452
-0.0004452
0.000542708
-0.00019193
0.000273165
-0.000264419
5.6209e-05
0.000115194
3.39666e-05
0.000205221
0.000281799
-0.000713389
0.000425197
0.000591015
4.75735e-05
-0.000457084
-0.000317001
-0.00011383
0.000610945
0.000382611
-0.00058491
-0.000128107
0.000125909
0.000161696
0.000308352
0.000169101
0.00056032
-0.000316899
9.87543e-05
0.000168878
0.000187476
0.000337717
-0.000571054
-0.00049425
-0.000310575
-0.000229175
-0.000259486
0.000209991
-0.000121562
-0.000278224
-0.000261657
0.000234561
0.0007918
-0.000280764
-0.000123977
-9.97799e-05
0.00036128
0.000240858
0.000279615
-0.0003047
0.000120552
-9.89393e-06
-0.000396795
-5.57709e-05
3.16143e-05
0.000183624
-0.00045153
-0.000520886
-0.00142811
-0.000778757
-4.35899e-05
0.000253108
0.000251275
4.19328e-05
0.000135134
2.75881e-05
0.000131763
-0.00043867
0.00062897
0.000600013
-0.000307682
-0.000490805
-0.000439526
-0.000508748
5.86225e-05
0.000859746
-0.000158858
-6.02737e-05
1.06769e-05
0.000165365
2.97705e-06
0.000435473
0.000164395
-0.000734223
0.000775954
-0.000114091
0.000281509
0.000322564
0.000347058
0.000932208
0.00138906
0.000732868
0.000188616
-0.000201318
9.2127e-05
-5.75623e-05
-0.000195284
0.000137868
-0.00108658
-0.000127171
0.000408512
0.000203651
5.26801e-05
-9.21635e-06
-0.000160563
-0.000226756
0.000394671
0.000988884
-1.09684e-05
-4.29092e-05
-0.000204716
-0.000192215
-5.56101e-07
-0.00050616
0.000505684
0.000653965
-0.000441938
-5.69304e-05
-0.000260913
-0.000336834
-6.84634e-05
5.65976e-05
-0.000247108
4.01838e-05
-0.000590185
0.00014464
-0.000534604
2.1553e-05
0.000222245
0.000306458
0.000561458
-0.000440177
0.000303487
0.000565014
-5.6963e-05
0.000231865
0.000191234
0.000146479
5.43492e-05
-0.000386762
-7.40823e-06
1.34264e-05
-0.000297353
-6.3386e-05
-4.23163e-05
-5.37447e-05
-7.07369e-05
0.000310851
0.00072233
0.000706593
0.000101739
0.000592555
-7.50942e-05
-0.000674673
-0.000348057
-0.00016587
-8.0157e-05
-7.94512e-05
0.000207443
-0.000157371
0.000629882
0.000310663
-7.10297e-05
-0.000260218
0.00028842
-3.29781e-05
0.000246302
0.00014162
-4.95012e-05
3.97898e-05
-0.000132731
9.40985e-05
-3.70713e-05
-1.48437e-05
0.000281557
0.000523554
0.000283849
0.000429906
8.13261e-05
-0.00035998
-0.000260955
-0.000690513
-0.000267101
-0.000577051
9.118e-05
0.000648303
-0.000197627
0.000216417
4.51686e-05
-7.47265e-05
-0.000165715
-0.000283327
0.000176498
0.000500639
0.000412769
0.000237486
-8.91716e-05
0.000391664
-0.000641032
-0.0005682
1.47558e-05
0.000907917
-0.000532606
-1.08275e-05
0.000632435
-0.000186122
0.000128317
5.44553e-05
-5.36169e-05
-0.000746428
-0.000632927
-0.00061176
7.80924e-05
0.000344075
0.000115855
-9.32749e-05
0.00020323
0.000509957
-7.85035e-05
-0.000553119
0.000594564
6.00167e-05
0.0001018
8.66032e-05
1.76022e-05
-7.08835e-05
0.000130381
0.000201285
-0.000328211
-0.000301404
-2.47624e-05
-0.000183586
-6.26861e-05
-9.60578e-05
-0.000145138
-0.000237921
-0.000131277
-5.92482e-05
0.000151235
-4.63795e-05
-0.000146861
-4.05315e-05
0.000284767
0.000126024
-3.21965e-05
-8.8409e-05
-6.77748e-05
4.19517e-05
0.000145359
2.12182e-06
0.000153194
-7.64127e-08
-3.47312e-05
-0.000496643
0.000368371
-0.000311964
-0.000318686
0.000528721
0.000285556
0.000110537
4.98116e-05
-3.45436e-05
-0.000118245
-4.88231e-05
1.31594e-05
0.000142208
3.53271e-05
0.000117728
-0.000150662
-0.000191611
0.000401812
-5.37283e-05
-0.000556657
0.000378706
0.000791818
0.000157898
-0.000283104
2.25248e-06
-4.6996e-05
-4.21646e-05
0.000128076
-9.81043e-05
0.000289674
-0.000323762
0.000113395
0.000407437
-0.000114554
0.00037348
-0.000972856
9.45456e-05
0.000139277
-0.000421171
0.00021331
-0.000221915
6.02939e-05
-0.000295349
-0.000721969
-0.000367019
-0.000138061
-0.000236217
0.000130989
0.000166399
0.000417221
0.000680336
-0.000446944
-0.000167149
0.00037865
-0.000202085
-0.000101826
-1.04637e-05
8.70932e-05
6.72404e-05
0.0004842
1.05051e-05
-0.000102331
-6.64731e-05
0.000112073
0.000158794
0.000363049
0.000586642
-0.000261416
-0.000248387
-8.07501e-05
-0.000385646
0.000155661
-9.40655e-05
-2.668e-06
4.35706e-06
0.00024048
-4.08908e-05
-0.000437947
6.93187e-05
-0.00039998
-8.36491e-05
-1.33866e-05
-0.000278872
0.000125672
0.000468058
0.000135472
-0.000387928
-6.78035e-05
-0.000218535
-0.000486428
9.57662e-07
0.000749543
0.000261224
0.000176848
0.00135434
0.000392166
-0.000131511
-8.41748e-06
-5.75748e-06
0.000133954
-0.000454282
-0.000610737
-4.78477e-05
-0.000266351
0.000313303
-4.20683e-05
0.000286761
0.000516777
-8.06065e-05
0.000595639
-2.12494e-05
-0.000462911
-0.000278784
-0.000189231
-0.00010244
-0.000184175
1.98006e-05
0.000326797
0.000177608
3.89743e-05
0.000573637
0.000245488
-0.000181084
-0.000295698
1.25422e-05
-0.000222022
-0.000369063
-0.00033794
0.000389051
0.000120662
-0.000247357
-7.73368e-05
-0.000118768
-0.000222583
-0.000272617
0.000218474
0.000129188
0.000111661
0.000589227
0.000138017
-0.000146815
0.000145044
7.08585e-05
0.000151537
0.000271195
-8.44408e-05
0.000224217
0.000144639
-5.43267e-06
-7.878e-05
9.47768e-05
-0.000677212
-0.000276044
2.69595e-05
-3.5396e-05
-0.000538391
-0.000410258
-0.000305896
0.000462955
0.000120145
0.000195749
0.000175059
0.000384437
0.000791873
0.00013402
-0.000354115
-0.000252192
-0.000543299
-0.000592031
-0.000464519
-0.000285443
0.000169194
0.000752841
-0.000210492
3.88331e-05
0.000784578
0.000112993
0.000222777
0.000341434
-9.41047e-05
-4.21357e-06
-0.000429527
0.0005418
-0.000114757
-0.000285611
-0.000417998
-0.000648853
0.000178998
0.000136218
-0.000501948
0.000742127
0.000509235
-8.5066e-05
3.60966e-05
-0.000477983
-0.000204603
-0.000305388
-0.000376553
0.000331276
-0.00020818
0.000158662
0.000164866
0.000586488
0.000500287
2.48198e-05
-0.000603398
-0.000476484
0.000263469
2.52231e-05
2.4773e-06
-5.41158e-06
0.000174086
9.25936e-06
-0.000418779
-0.00077818
-0.000169968
-0.000271836
2.19999e-05
0.000370864
8.50315e-05
-0.000112631
0.000430703
-0.000641843
0.000179663
0.000234297
8.30253e-05
2.72485e-05
-0.000121074
-0.000117433
-0.000388871
0.000233168
0.000752517
1.26603e-05
-6.31344e-06
0.000177254
8.56033e-05
1.46182e-05
-3.65873e-05
-3.2981e-08
-0.000227995
7.78445e-05
0.000539513
-8.29574e-05
-0.000248885
0.000110221
0.000266627
5.15517e-05
-6.24567e-05
0.000502001
0.000650842
-5.98109e-05
-0.000275399
3.51651e-05
-7.69355e-05
-0.000187489
-0.00010188
0.000217828
0.000267129
-0.000661909
-6.11828e-05
6.46564e-05
-0.000222588
-5.04742e-05
-0.000326684
-0.000606577
-0.000563646
-0.00012002
4.21898e-05
7.99994e-05
-0.000131592
0.000132244
-0.000263865
0.000138124
6.24573e-05
-0.00049973
-0.000243536
0.000907246
0.000459814
-3.87647e-05
-2.23061e-05
3.24786e-05
-1.85539e-05
-2.05992e-06
0.000250661
3.32849e-05
0.000271534
0.000224601
-0.000243881
5.41548e-05
-0.000398305
-0.00048587
-0.00108625
0.000349895
-7.74076e-06
-0.000393256
0.000124042
0.000258099
0.000110712
0.000104237
-0.000580545
0.000175695
6.30654e-05
-0.000385125
0.000240109
-2.1633e-05
-0.000252087
0.00031518
-0.000381445
-0.000263001
0.000708332
-0.000262949
6.95717e-05
0.000158477
5.50265e-05
-0.000305452
0.000162673
-0.000335842
-0.000313427
3.78026e-05
-6.49937e-06
5.23527e-05
0.000244738
0.000705331
-0.000477245
0.000378733
-0.000230631
-0.000437852
-9.51513e-05
0.0004555
0.000109439
-0.000392901
0.00030095
7.13885e-05
0.000255294
0.000470218
-0.000211966
-6.22449e-05
-1.43671e-05
-0.000254713
0.000104822
0.000395603
-0.000118816
0.000187573
9.59978e-05
3.89278e-05
-0.000425532
0.000202667
0.000275591
-0.000203697
-8.5419e-05
-0.000728968
-0.000560336
-0.000465255
0.000160456
0.000302652
-0.000294129
-0.000288009
-0.000345356
-1.29606e-05
-0.000427202
0.000315911
0.000219216
0.000886872
0.000153986
-5.80823e-05
-0.00033322
-0.000789068
-0.000173135
-0.000197569
0.000397748
0.000222634
1.00474e-05
0.000156031
-0.000228705
4.54395e-05
-0.000263116
-6.02263e-05
0.000247118
-1.679e-05
-0.000119984
0.000120136
-6.30267e-05
0.000333259
0.000249069
0.000173847
0.000116596
3.43781e-05
0.000144954
0.000201112
-0.0002216
-0.000112046
-0.000217028
7.49359e-05
-6.90208e-05
-0.000398415
-0.000405694
-0.000361389
-7.39963e-05
-3.18914e-05
2.50769e-05
1.24602e-05
-0.000270868
-0.000124038
-0.000182803
0.00024001
0.000308021
4.31075e-05
-0.000166443
-0.000205748
-5.68946e-05
-0.000341268
7.72067e-05
0.000169647
-0.000338486
-0.000114175
-0.000253159
-0.000168334
3.97068e-05
9.68454e-05
7.3714e-05
8.18785e-05
-0.0003867
-3.14061e-05
4.50175e-05
-0.000152543
-0.000353806
-0.00025344
0.000351338
0.000198766
-0.000207256
0.000402025
-0.000370961
-0.000364709
0.000216537
-0.000199512
-0.000384491
-0.000842827
3.25229e-05
0.000882032
-0.000128655
1.50662e-05
0.00014197
0.0001368
6.06269e-05
0.000167373
-0.000483298
-0.000377207
-0.00026561
-0.000183556
0.000423777
0.000429244
0.000377191
-0.000218916
-0.000265534
-0.000221901
-0.000163799
9.05304e-05
0.000363373
0.000300202
6.89838e-06
0.0001116
0.000129297
-0.000633503
-0.000105704
0.000168959
1.53115e-05
-0.00017337
0.000485199
-0.000479849
-0.000139627
-0.000292979
0.000226038
-0.000309668
-0.00025357
0.000134342
0.000129628
7.43432e-06
0.000407905
0.000141181
-0.00050003
-0.000242694
-0.000272839
7.79649e-05
0.000138696
-0.000577367
0.000137429
0.000798542
0.000571107
0.00081369
0.000791522
0.000416386
-0.000232217
-4.52378e-05
-0.000157643
0.000339986
1.15185e-05
-0.000267941
5.99037e-05
-0.000822029
-0.000248299
0.000204248
0.000245941
1.1746e-06
-4.72356e-05
-0.000540874
-0.000221826
0.000110522
-5.22126e-05
-0.000247559
0.000124545
5.66242e-05
-0.000187725
-0.000607664
-0.000209089
-0.000216619
0.000469205
3.27669e-05
-6.14687e-05
5.10229e-05
-0.000458009
-0.00054919
-0.000540815
-0.000157392
-0.000365562
-0.000389534
-0.000269908
-0.000208656
5.74001e-05
-0.000458189
-0.00016704
0.000120426
0.000440459
0.000272042
0.000518798
0.000248864
-0.000515474
0.000356105
-3.8337e-05
-5.12956e-05
-2.56268e-05
2.37869e-06
0.000304584
0.000110659
2.61668e-06
-4.54323e-05
0.000317629
-0.000133875
-0.000361599
-2.52693e-05
5.18253e-05
-0.00010465
1.60187e-05
7.8998e-05
-7.93531e-05
-0.000342429
-0.00014343
0.0004234
0.000506955
-0.000220862
-5.03596e-05
-0.00012592
-0.000494215
-0.000119806
-0.000279539
0.000167553
0.000486575
-0.000875475
0.000523829
0.000175914
0.000406774
6.4568e-05
-0.000157093
-0.000472763
-0.000184837
-0.000112289
0.000227512
9.0162e-05
0.00017156
-6.49182e-05
-4.15689e-05
8.37953e-05
-0.000367428
-7.64641e-06
-9.43497e-05
-6.14596e-05
-0.000332747
0.000622362
0.000936399
-0.000168099
2.47186e-05
-8.3829e-05
-0.000273352
0.000234072
-3.62059e-05
-0.000312219
0.000201142
-0.000126891
5.31059e-05
3.63193e-05
0.000112548
9.53483e-05
-2.13558e-05
0.000359911
0.000224256
-0.000135701
0.000158901
-0.000100667
1.35397e-05
7.12681e-05
-2.86795e-05
3.84435e-06
0.000180616
7.80119e-05
2.13445e-05
-0.00013012
-0.000262085
-0.000278186
-2.26741e-05
0.000375964
9.1619e-06
-0.000100117
-0.000314748
0.000250105
0.00012306
3.88951e-05
-0.000100418
-0.000208356
-0.000342001
-0.000190474
-0.00015899
-8.55257e-05
-4.96494e-05
-0.000299136
-0.00052899
-0.000314413
4.22292e-07
-0.0001992
-9.01666e-05
-0.000203169
-0.000335638
-0.000151856
-3.79017e-05
0.00016686
0.000237257
-0.000171636
-0.000288457
0.000299927
0.000213433
0.000101768
-0.000322382
-0.000309646
-0.00033361
-0.000138803
-0.000190841
-0.000164435
-0.000160662
1.12804e-05
-2.50873e-05
-0.000366088
6.90526e-05
0.000655957
0.000265172
0.000136659
-0.000188741
-0.000348244
-0.000377305
-0.00016721
-8.40229e-05
0.000248264
0.000119154
2.09236e-05
0.000155608
-0.000164708
7.13727e-05
4.17243e-06
-0.000260119
0.000230414
0.000190973
0.000292651
-0.00023959
-0.000317596
-9.24265e-05
0.000282272
0.000267836
3.18756e-05
3.73299e-05
-0.000235631
5.07906e-05
8.7481e-07
2.83594e-05
-0.000177105
-0.000319968
-0.000185588
-0.00045272
-0.000515354
0.000174965
0.000347189
-0.000163756
0.000189303
0.000213581
-0.000217208
-0.000243448
9.40873e-05
0.000206573
8.44841e-05
-0.000527642
4.22201e-05
-4.08809e-05
6.79449e-05
4.71831e-05
0.000309842
-7.65659e-05
0.000275782
0.000232354
-3.81205e-05
4.00692e-05
0.000120135
7.59535e-05
0.000197692
7.80191e-05
-1.17204e-05
-0.000534634
-0.0002218
0.000168368
-0.000513217
0.000680379
0.000210835
0.000102681
0.000185779
0.000298392
-5.64911e-05
-0.000304143
-0.000110369
7.9186e-06
-4.59321e-05
-0.000135954
6.56139e-06
0.000290939
0.000209594
-0.000568576
-0.000275615
0.00040447
-2.16132e-05
-5.58969e-05
-3.03376e-05
0.000117849
0.000432088
0.000712671
5.1321e-05
-1.59025e-05
0.000355092
0.00097602
-9.82419e-05
-0.000566755
-0.000195632
0.000674607
0.000163711
4.02118e-05
9.08867e-05
-0.000394787
-0.00037083
-0.000139853
0.000333101
0.000924029
-5.28843e-05
0.000209761
-0.000180606
0.000239221
0.000705929
0.000451971
-0.000104724
0.000321566
0.000399641
0.000147953
-6.02328e-05
-0.000295202
-0.000355841
-0.000628417
-0.000137636
0.000288209
-0.000407096
-0.000265341
-0.000168955
-0.000679485
-0.000296913
1.0249e-05
-0.000442646
0.000233994
0.000674674
0.000229052
0.000347364
-0.00122383
0.00155616
-0.000497864
-0.000469766
-0.000714746
-0.000615021
-6.93291e-05
0.000268377
0.000323042
-0.00019686
0.000217884
5.72663e-05
-0.000476735
0.000246733
8.18278e-05
-0.00013387
0.000189515
0.00173095
0.000778812
-0.000616207
-0.000367185
0.00028761
9.74212e-05
2.94858e-05
3.41844e-05
0.000153595
5.69805e-05
-9.41722e-06
-0.00019001
-0.000489067
-3.20016e-05
-0.000798853
0.000233052
-0.000180017
0.000684575
0.000938485
0.000443653
-4.65139e-05
0.00012098
9.42727e-05
0.000177472
-0.000122059
9.56688e-05
6.78809e-05
0.000213498
-0.000158746
-0.000247265
0.000211309
2.7562e-06
-0.000140436
-6.36443e-05
0.000197968
-0.000110701
-8.91218e-05
0.000241428
2.21246e-05
0.000142501
-0.000118275
-0.000331611
0.000107323
8.34312e-07
-0.000234473
0.000139337
-8.7471e-05
-7.97754e-05
-5.22815e-05
6.59332e-05
-9.96927e-05
-0.000320119
-3.2477e-05
-3.69157e-05
-0.000414942
-7.87468e-05
-8.4942e-05
0.000550462
0.000184047
0.000260555
0.000126654
9.37169e-05
2.67083e-05
1.2068e-05
-0.000150946
4.45894e-05
7.63372e-05
3.62821e-05
-4.37169e-06
-0.000125822
0.000304717
5.01393e-06
0.000600311
-0.000111312
-0.000145707
-9.32015e-05
7.42418e-06
0.000262073
0.000109163
0.000173325
0.000236147
-8.89858e-05
-0.000527212
2.65873e-05
2.57147e-05
0.000140503
-6.04579e-05
0.000244334
0.000153881
1.44077e-05
9.00185e-05
0.000242801
-8.8473e-05
0.0002082
0.000366295
1.74919e-05
-4.89336e-05
6.52873e-05
-0.000250531
-0.000141942
9.00262e-05
3.98004e-05
0.000105349
0.000149552
0.000214331
9.78796e-05
2.85612e-05
2.42563e-06
8.40097e-05
2.14555e-05
-4.73774e-05
-0.000212596
-0.000153034
0.00041049
0.000298493
-0.000304363
-0.00018533
7.01182e-05
0.000107633
-0.000200842
0.000136544
0.000415476
1.85571e-05
-0.000141227
-0.000416157
-0.000395532
-0.000156844
7.12214e-05
-4.56169e-05
-0.000101007
0.000456148
0.000441708
-2.04477e-05
1.72151e-05
0.000181767
0.000135132
9.88222e-05
-0.00063428
-0.000613229
-0.000212449
-0.000757994
-0.000713645
4.80775e-05
-3.97275e-05
0.000401561
5.24e-05
0.00020848
0.000396368
0.000254543
-0.00024119
0.000421097
0.000315655
5.78926e-05
-0.000158392
-8.35135e-05
7.93782e-05
0.000209142
0.000407645
0.000215429
-5.73367e-06
0.000618048
0.000110314
-0.000191829
0.000211256
0.000100469
-0.000297265
-0.000385186
3.42851e-05
-0.000168768
6.81835e-05
-0.000203949
-0.000611373
-0.000204399
0.000326303
-0.000149234
0.000113386
-6.04679e-05
-2.85861e-06
0.000546181
0.00026432
-8.65439e-05
0.000301906
-0.000165141
-0.000527991
-0.000123919
-0.000129917
-0.000237494
-0.000210286
0.000152647
-1.82642e-05
-8.65813e-06
-6.59617e-05
0.00011203
-6.13949e-05
0.000247072
0.000240378
-0.000397796
-8.94278e-06
0.000296875
0.00106699
-0.000173811
0.000156197
0.00047095
0.000550655
9.351e-06
8.38274e-05
-1.07444e-05
3.42464e-05
-5.20813e-05
-8.5927e-05
-0.000114545
0.0010077
5.61775e-05
0.000169199
0.000173248
6.5607e-05
0.000261225
2.52372e-05
-5.88323e-05
0.000467921
-1.34211e-05
0.000168449
-0.000135295
0.000234655
-0.000465673
-0.000377802
-0.000416273
0.000781552
0.000245452
-0.000260947
-0.000359688
-0.000668434
-0.000499467
-0.000154835
-0.000180997
0.000550055
0.000197761
-4.11991e-05
0.000139828
-0.00113843
0.000101954
0.000157858
-0.000567861
-0.000179121
-0.000107433
-0.000251049
4.5787e-06
0.000308828
-5.69692e-06
-7.93991e-05
-8.43412e-05
-0.000358271
-0.000487698
-0.000242884
9.57931e-05
-0.000206128
0.00104436
0.000998037
-0.000268884
-0.000818048
-0.000488327
-0.000221215
3.57095e-05
-0.000223483
8.28008e-05
0.00014328
-0.000117574
-0.000467762
-0.000349644
-0.000204418
-0.000302923
0.00040231
-9.80853e-05
0.000371972
0.00029842
-1.00543e-05
-0.000126175
0.000267065
0.000267423
0.000138972
-0.000124857
0.000127876
0.000122198
0.000387554
0.000259928
0.000137977
9.07502e-05
7.55103e-05
-0.000133263
-0.000209553
-0.000226343
-2.80737e-05
1.84456e-05
0.00010446
-6.37829e-05
-0.000181926
-0.000131877
-8.09592e-05
-0.00021946
-0.000145512
0.000135624
0.000306706
7.28863e-05
5.10312e-05
0.000144943
0.000292646
-0.000361503
-0.000338824
-0.000129796
-0.000102531
-6.72104e-05
0.000188308
9.97034e-06
7.2537e-05
-0.000164676
0.000260606
-2.24703e-05
-0.000140139
5.43942e-05
-7.7354e-05
5.58787e-05
-8.76183e-05
-0.000321615
-0.000120753
2.42156e-05
-1.56672e-05
0.000461822
0.00059525
0.00062253
3.06376e-05
-7.39332e-05
-0.000145229
-5.66698e-05
1.86879e-05
-0.000187886
-4.72616e-05
-0.000273771
-0.00028071
-4.16331e-06
-0.000209509
0.000160474
-5.0557e-05
0.000114562
0.000399535
-0.000406879
-9.36368e-05
-2.10954e-05
0.000300576
0.000175891
-0.000143551
0.000112649
0.000273053
0.000159534
3.80012e-05
0.000328246
-0.000179133
0.000355095
-0.000229839
0.000274438
-9.6869e-05
0.000262125
0.000204925
7.1107e-06
-0.000103927
-0.000258389
-6.59261e-05
0.00017806
3.82642e-05
8.63625e-05
0.000162151
0.000180645
-0.000429145
-0.000318848
-5.71726e-05
-0.00016857
9.07129e-05
8.81801e-05
-0.000294023
-0.00045481
-0.000604116
-0.00061973
-6.13724e-05
-7.66415e-05
-0.000300015
-0.00015387
-0.000248756
7.25732e-05
-0.00021395
-0.000568042
-2.80724e-05
6.56179e-05
-3.36633e-05
-0.000342591
-0.000561358
6.56033e-05
0.000562582
0.000352554
0.00011058
-0.000140704
-3.5594e-06
-0.000109911
-0.000135029
0.000511545
7.24621e-05
-0.000240113
-0.000109077
0.000170841
0.000301375
6.39927e-05
0.000186927
0.000661321
0.000224151
0.000344343
0.000263721
-0.000283927
0.000247901
1.9352e-05
-0.000311082
3.70387e-05
4.07213e-05
5.47389e-05
-5.01995e-05
-0.000224644
-0.000570113
-0.000507231
0.000163939
-0.000213644
-7.18483e-05
0.000126909
3.65857e-05
-4.38352e-05
0.000257535
-2.64642e-05
8.47789e-05
1.76341e-05
-7.03876e-05
-3.96632e-05
0.000267915
4.22759e-05
9.52949e-05
0.000407755
0.000200162
0.000449726
0.000415018
-2.85487e-05
-6.25288e-05
2.50475e-05
-0.000269371
-6.19276e-05
-0.000133233
-0.000419113
-0.000165949
0.000105734
8.16486e-05
0.000131051
9.81552e-05
7.73911e-05
-0.000225078
-0.000249829
0.000251735
-7.14281e-05
0.000284528
-0.00020122
0.00026861
3.06438e-05
0.000456481
-0.000277572
0.000281814
0.000443374
0.000320912
2.60336e-06
-0.00096436
-0.000586002
-6.25262e-05
-0.000449405
-0.000125795
0.000209884
-0.000201355
-0.000260119
0.000320816
-0.000342534
-9.97506e-05
0.000165359
0.000645624
8.93283e-05
1.32574e-05
-0.000521095
0.000173273
0.000489094
-0.000290223
0.000501108
0.000277128
-3.76281e-05
-3.55815e-05
-2.13206e-05
0.000372154
-0.000548272
-0.000904931
-0.000847791
0.000125443
0.000603733
-0.000262813
1.53523e-05
0.000363304
0.000185401
-0.000109205
-3.98883e-05
-0.00029697
-0.000270101
-0.000236829
0.00017972
-0.000422483
-0.000507628
0.000222488
-0.000535652
6.40377e-06
-7.91999e-05
-0.000604851
6.11082e-05
-0.000170972
-2.8551e-05
0.000144563
-0.000450688
-0.000347192
0.00013161
0.00018267
0.000282091
3.17623e-06
0.000122351
0.000368893
-0.000154086
-0.00039744
-0.000375025
0.000109965
0.000291981
7.538e-05
-8.59364e-05
-0.000117234
-5.26749e-05
0.000561385
0.000113636
4.59036e-05
-0.000180322
-4.87934e-06
-3.37603e-05
4.02912e-06
8.52146e-06
-7.25311e-05
6.52398e-05
-2.0798e-05
-2.58291e-05
-4.91855e-05
0.000106219
-0.000106139
5.24404e-05
-0.00031875
-0.000120897
-4.84629e-06
-1.68882e-05
4.1251e-06
0.000103209
0.000246846
1.01246e-05
0.000499134
4.21809e-05
-9.62875e-06
-0.000219059
-9.38407e-05
-0.000365822
-0.000111491
-0.000104369
3.29532e-05
0.000568372
-6.3447e-05
-5.81412e-05
-0.00010677
-7.20743e-05
-0.000106746
3.86467e-05
0.000440572
-0.000139092
0.000112855
-0.00022858
2.83194e-05
-0.000249194
-2.3316e-05
5.61292e-05
7.33084e-05
-4.37075e-05
8.16675e-05
6.68924e-05
0.000100704
-3.1492e-06
-0.000126824
0.000161374
-1.03438e-06
-4.58439e-05
-0.000201793
-0.000541778
-0.000482543
-5.51859e-06
0.000147722
4.25239e-05
0.000293855
0.000345214
1.85456e-05
4.86364e-05
-5.55244e-05
0.000347767
3.90484e-05
-6.29137e-05
-2.49014e-05
3.87226e-05
0.000239571
-0.000395256
-7.74005e-05
0.000381702
-1.50815e-06
0.000122253
-0.00054953
-0.000245642
-4.73486e-06
-0.000389325
7.00815e-05
-1.8507e-06
0.000197788
-5.44946e-05
-0.000301024
0.000508111
4.53715e-05
-0.000305086
-3.60653e-05
-0.000285675
-0.000447974
-0.000331133
-5.5465e-05
-0.000109877
-0.000126861
-8.12988e-05
-0.00034489
9.0264e-05
2.39512e-05
-5.65631e-05
-0.000649929
-0.00012594
-0.000122234
-0.00024947
-0.000291111
-0.000313946
0.000282883
0.000679792
0.00127048
0.000418322
-9.58179e-05
-0.000204783
-0.000228918
-0.00022778
0.000270955
4.76954e-05
-0.00032362
-0.000189853
-5.77564e-05
0.000243718
0.000197746
0.000372938
0.000709651
0.00029219
-0.000181257
-4.5273e-05
0.000419167
0.000567614
0.000366408
-0.000394545
3.66967e-05
-0.00014809
-0.000291706
-5.73498e-05
0.000245795
-0.000228379
-0.000359672
0.000576406
0.000546134
3.86121e-05
0.000415157
0.000265078
0.00022027
0.000726378
6.23926e-05
-0.000166531
6.6062e-06
-0.000556222
-0.000153735
0.00039798
0.000520012
1.78664e-05
0.000573477
0.000382058
6.04401e-05
0.000310435
0.000695968
0.000422658
-0.000182116
0.000141457
5.48284e-05
-9.7701e-05
8.39617e-06
0.000127546
-0.000230426
0.000747745
0.000709383
-7.1623e-05
3.79997e-05
-0.000259246
0.000313885
-0.000353744
7.45788e-05
-0.000226467
0.000413444
3.75864e-05
0.000350355
0.000258834
-6.85894e-05
-0.000344617
0.000347592
0.000651155
-0.000197041
-6.64297e-05
5.03938e-05
-0.000294846
3.88596e-07
0.000375485
1.04318e-05
0.000219169
0.000576747
-0.000405718
-2.68123e-05
0.000116601
0.000546571
0.000253003
0.000366954
-0.000181622
-7.01271e-05
-0.000195891
0.000295957
0.000885105
-0.000653878
0.000705347
0.000325259
0.000411008
0.00015018
0.000111632
-9.21592e-05
-0.000117158
0.000133641
0.000301605
9.39439e-05
5.96394e-05
-0.000119122
0.000103541
0.000455426
0.000195005
-3.61092e-05
0.000152955
0.00021747
-0.000274344
-8.55075e-05
-2.27783e-05
-9.90929e-05
-0.00010635
-0.000779811
-0.000356819
0.000565919
7.27768e-05
-0.000244327
1.28011e-05
-0.000209375
0.000189512
8.66521e-05
-0.000487294
-0.000999904
-0.00070251
-0.000294151
-0.0001324
0.000319194
0.000166793
7.34937e-05
-7.16204e-05
0.000358166
-0.000108074
-0.000229943
0.000138633
-0.00013293
-4.33089e-05
-0.000266365
8.5249e-05
0.000790837
0.00054371
-0.000117987
-0.000168976
4.38095e-05
-0.000156389
-5.53412e-05
-0.000131968
5.74755e-05
-7.6525e-05
-8.15993e-06
0.000255357
4.41185e-05
0.000158753
3.26306e-05
0.00047281
0.000176937
-0.000303178
9.28707e-05
-0.000148042
9.67938e-05
7.78055e-05
0.000169998
-0.000284556
0.000151799
-0.00012259
-0.000109955
7.64746e-05
1.39351e-05
9.06029e-05
0.000102604
-0.000151715
-0.000281121
-5.64188e-05
-0.000235117
9.02279e-05
-0.000151172
-0.000133926
2.04707e-05
-0.000210227
0.00020835
0.000173694
2.72079e-06
-6.80654e-05
-0.000164557
0.000269223
-0.000172309
-0.00016376
-7.60263e-05
-1.1364e-06
0.000321389
-9.35944e-05
-7.24528e-05
-9.47602e-05
7.33204e-05
8.04729e-05
6.38206e-05
-0.000244105
-0.000202116
0.000688668
-0.00010394
0.000197797
-1.29637e-05
-0.000107766
-0.000129122
0.000215447
-0.000200872
-0.0001874
1.98478e-05
-0.000241599
-5.66188e-06
4.43778e-05
-0.000177311
5.28082e-05
0.000715239
0.000860016
5.60869e-05
-0.000165347
-0.000105627
0.000171425
-0.000100407
-0.00033241
-9.30496e-05
0.000294727
0.000118487
0.000101328
-7.33911e-05
-0.000105286
-4.69471e-05
0.000684853
0.000233912
1.17118e-05
0.000200676
-5.39877e-05
-8.53391e-05
-0.00059527
-0.000356622
-0.000318355
-0.000150764
0.000262078
-0.000278019
-8.20335e-05
0.000105956
-6.30127e-05
-9.65632e-05
0.000320481
-0.000180748
-4.32621e-05
-0.000283977
-0.00061361
-0.000577605
-3.60179e-05
-5.91449e-05
0.000522663
0.00021567
-0.000291652
-0.000217002
-0.000229106
0.000314969
-5.01197e-05
-7.84729e-05
-0.000116007
-0.000338607
-8.94616e-05
-0.000226521
-0.00059335
-1.88922e-05
0.000538106
0.000163255
0.000152879
9.05347e-05
0.000345063
0.000277489
-0.00013292
3.93792e-05
0.000363129
0.000406591
0.000165789
-0.000368818
-0.0003252
-0.000305664
-0.00054788
-0.000169502
-0.000105657
0.00021685
0.000101416
0.000165099
0.00033496
-7.19262e-06
0.000507542
-5.60279e-05
0.00038381
-0.000270665
-0.000373228
-5.296e-05
-0.000405801
-0.000196476
-0.000380982
5.38112e-05
-9.62553e-05
-0.000442273
0.000185797
8.3726e-05
-0.000227751
