1.86549e-06
3.06445e-06
4.2577e-06
6.12839e-06
-1.50732e-06
-2.0174e-06
-4.9342e-06
-3.56647e-06
-3.32591e-06
7.52615e-07
1.20379e-06
-5.29412e-08
6.76879e-07
-5.08368e-06
3.56165e-08
-2.04807e-06
5.2365e-06
-2.50541e-06
-3.29197e-06
-2.13731e-06
-4.6453e-06
-2.28317e-06
3.0195e-06
1.43215e-06
6.14167e-06
2.67496e-06
9.1394e-07
2.35865e-06
-4.89135e-06
2.56149e-06
-1.94608e-06
-2.76435e-07
1.0569e-06
2.66224e-06
-1.80882e-06
-6.36589e-06
-4.41859e-06
-5.56809e-07
1.67578e-06
1.82891e-06
1.19246e-05
-2.0247e-07
-4.49931e-06
-4.69017e-07
-5.54016e-06
-5.73382e-06
4.3475e-06
6.58303e-06
-1.3036e-06
3.45049e-06
-2.91453e-06
2.47899e-06
1.93724e-06
-7.23152e-07
2.09766e-07
-1.59413e-07
-1.81172e-06
-3.08615e-06
1.58303e-06
-7.92872e-07
3.32606e-07
7.09458e-06
-1.45419e-06
-3.13592e-06
