0 0
8.32871e-08 2.71409e-08
-5.85797e-08 -0
8.32871e-08 -2.71409e-08
-5.37375e-08 9.73512e-08
-4.41492e-09 -1.44883e-07
-2.28524e-07 -9.03529e-08
-9.2905e-08 8.86311e-08
7.24577e-07 -0
6.7734e-07 -2.04101e-07
2.85736e-07 -0
6.7734e-07 2.04101e-07
-5.37375e-08 -9.73512e-08
-9.2905e-08 -8.86311e-08
-2.28524e-07 9.03529e-08
-4.41492e-09 1.44883e-07
-7.86731e-08 -1.02603e-08
4.86381e-08 -4.81036e-08
-6.08838e-08 -1.13436e-07
-2.4118e-07 3.8636e-09
3.79682e-07 3.91959e-07
4.63305e-07 3.06011e-07
7.28008e-08 -1.81786e-07
1.72816e-07 -2.21241e-07
4.4103e-07 -3.58095e-07
-9.07435e-07 -7.6489e-08
-4.68489e-07 -3.58642e-07
-5.38243e-07 -8.50523e-07
4.93688e-07 2.51994e-07
1.50596e-07 1.4199e-07
8.0235e-08 -3.92063e-07
1.94261e-07 -1.202e-07
-1.27094e-07 -0
-6.91058e-08 2.58884e-07
2.48794e-07 -0
-6.91058e-08 -2.58884e-07
2.26523e-07 1.13068e-07
-8.061e-07 -2.13586e-07
5.99976e-08 4.23944e-07
1.89628e-07 -1.41344e-07
4.14504e-07 -0
8.14593e-08 -5.21693e-07
-1.53635e-07 -0
8.14593e-08 5.21693e-07
2.26523e-07 -1.13068e-07
1.89628e-07 1.41344e-07
5.99976e-08 -4.23944e-07
-8.061e-07 2.13586e-07
-7.86731e-08 1.02603e-08
-2.4118e-07 -3.8636e-09
-6.08838e-08 1.13436e-07
4.86381e-08 4.81036e-08
4.93688e-07 -2.51994e-07
1.94261e-07 1.202e-07
8.0235e-08 3.92063e-07
1.50596e-07 -1.4199e-07
4.4103e-07 3.58095e-07
-5.38243e-07 8.50523e-07
-4.68489e-07 3.58642e-07
-9.07435e-07 7.6489e-08
3.79682e-07 -3.91959e-07
1.72816e-07 2.21241e-07
7.28008e-08 1.81786e-07
4.63305e-07 -3.06011e-07
