        0.127418        0.125664     4.55104e-10               6
        0.177715        0.177715     3.86839e-09              12
        0.215781        0.217656     1.65247e-09               8
        0.254836        0.251327     2.89224e-08               6
        0.284725        0.280993     1.72105e-08              24
         0.30942        0.307812     2.02594e-08              24
        0.355431        0.355431     2.28651e-08              12
        0.375697        0.376991     2.40029e-08              30
        0.397118        0.397384     2.05761e-08              24
        0.419761        0.416779     3.01377e-08              24
        0.431562        0.435312     1.66021e-08               8
        0.456169        0.453087     2.37616e-08              24
        0.468994        0.470191     4.59193e-08              48
        0.509672        0.502655     3.00627e-08               6
           0.524        0.518125     3.89081e-08              48
        0.538732        0.533146      4.0076e-08              36
        0.553878        0.547755     3.69219e-08              24
         0.56945        0.571237     2.66993e-08              72
        0.585459        0.589415     3.34633e-08              24
        0.618841        0.615624     3.29706e-08              24
        0.636239        0.637102     3.44287e-08             102
        0.654126        0.652968     3.11785e-08              32
        0.672516         0.67672      3.5677e-08              72
        0.691423        0.688288     3.83306e-08              48
        0.710861        0.710861      2.9042e-08              12
        0.730846        0.727311     3.83523e-08              96
        0.751393        0.747493      4.5343e-08              78
        0.772518        0.772078     3.13311e-08              96
        0.794236        0.802666     3.13236e-08             120
        0.816565        0.817607      3.4347e-08              72
        0.839522        0.840623     4.59809e-08              96
        0.863124        0.854911     3.98929e-08              56
         0.88739        0.888266      3.9519e-08             186
        0.912338        0.918057     4.63949e-08             192
        0.937987        0.944561     3.90995e-08              96
        0.964357        0.963187     3.38036e-08              96
        0.991469        0.986043     3.37255e-08             168
         1.01934         1.01795     4.19641e-08             222
           1.048         1.04383     3.77448e-08             192
         1.07746         1.07918     3.89278e-08             260
         1.10776         1.10371     4.56132e-08             168
          1.1389         1.13832     4.37748e-08             294
         1.17092         1.17399     4.55237e-08             336
         1.20384         1.20426     3.87093e-08             312
         1.23768         1.24339     4.50401e-08             252
         1.27248         1.27215     4.88474e-08             414
         1.30825         1.30812     4.13719e-08             392
         1.34503         1.34789     4.14379e-08             432
         1.38285         1.38152     4.64729e-08             366
         1.42172         1.42058     4.14937e-08             612
         1.46169         1.46385     4.71355e-08             576
         1.50279         1.50858     4.46687e-08             566
         1.54504         1.54771     3.78815e-08             720
         1.58847         1.59319      4.2207e-08             612
         1.63313         1.63561     4.00255e-08             798
         1.67904         1.67975     4.03442e-08             768
         1.72625         1.72717     4.09423e-08             968
         1.77478         1.77687     4.06637e-08             930
         1.82468         1.82151     3.50051e-08            1008
         1.87597         1.87645      3.0391e-08            1230
         1.92871         1.92847     3.24528e-08            1260
         1.98294         1.98117     3.05878e-08            1280
