800
21 21 2 2
20 22 2 1
17 25 2 1
4 38 2 0.666667
0 42 0 0
20 21 2 1.5
17 24 1.5 0.45
16 25 2 0.75
4 37 2 0.75
0 41 0 0
20 20 2 2
23 21 1.33333 0.444444
17 27 1 0
5 39 1 0
4 36 2 0.8
1 43 0 -0.444444
0 40 0 0
21 17 1.66667 1.5
17 21 2 1.5
16 22 2 0.75
4 34 1 0
16 26 2 0.666667
13 41 0.5 -0.25
21 16 1.33333 1
20 17 1.5 0.75
23 18 0.666667 -0.2
17 20 1.5 0.75
16 21 2 1
4 33 1 0
0 37 0 0
3 38 -1 -0.666667
13 40 0 -0.375
21 19 1 0
20 16 1.5 1.25
17 23 1 0
16 20 2 1.25
29 27 0.333333 -0.277778
31 25 0.333333 -0.277778
5 35 0.5 -0.25
4 32 1 0
1 39 0 -0.416667
0 36 0 0
3 37 0 -0.416667
16 24 2 0.8
13 43 -0.5 -0.416667
12 40 -1 -0.625
21 29 1.33333 0.444444
20 30 1 0
17 17 2 2
28 22 1 0
0 34 0 0
17 16 1.5 1.25
16 17 2 1.25
4 45 0 -0.416667
0 33 0 0
3 34 -1 -0.625
13 36 0.5 -0.25
12 37 0 -0.416667
15 38 -0.5 -0.416667
17 19 1 0
29 23 0.666667 -0.222222
5 47 0 -0.333333
4 44 0 -0.4
1 35 0 -0.4
3 33 0 -0.4
12 36 0 -0.4
13 37 1 0
16 30 2 0.75
29 17 1.66667 1.5
28 18 1.5 0.45
13 33 1.5 0.45
12 34 1 0
17 28 1.5 0.75
16 29 2 1
29 16 1.33333 1
19 21 1 0
1 44 1 0
21 20 1.66667 1.5
3 46 -1 -0.666667
13 32 1 0
12 33 1 0
15 34 0 -0.375
17 31 1 0
13 39 0 -0.333333
16 28 2 1.25
29 19 1 0
28 16 1.5 1.25
1 47 0 -0.416667
0 44 0 0
21 23 1.33333 0.444444
3 45 0 -0.416667
13 35 0.5 -0.25
12 32 1 0
15 33 0.5 -0.25
21 5 1.66667 1.5
20 6 1.5 0.45
16 10 1 0
23 22 1 0
0 26 0 0
53 37 1 0
52 38 0.5 -0.25
49 41 0.5 -0.25
48 42 -1 -0.75
20 5 1.5 0.75
23 6 0.666667 -0.2
17 8 1 0
16 9 1 0
28 26 0.5 -0.25
5 20 1.5 0.75
1 24 1 0
0 25 0 0
3 26 -1 -0.666667
53 36 0.666667 -0.2
52 37 0.5 -0.25
55 38 0 -0.333333
48 41 -1 -0.666667
28 20 1 0
51 42 -1 -0.5
16 8 1 0
5 23 1 0
4 20 2 1.25
1 27 0 -0.416667
0 24 0 0
3 25 0 -0.416667
53 39 0.333333 -0.277778
52 36 0.5 -0.25
55 37 0.333333 -0.277778
49 43 -0.5 -0.416667
48 40 -1 -0.625
28 21 1 0
51 41 -0.5 -0.416667
23 29 0.666667 -0.222222
21 1 1.33333 1
20 2 1 0
17 5 1.5 0.75
16 6 1 0
1 21 2 1
13 25 0.5 -0.25
49 37 0.5 -0.25
48 38 -1 -0.666667
61 41 0 -0.333333
60 42 -1 -0.5
0 32 0 0
21 0 1 0
23 2 0.333333 -0.25
17 4 1 0
16 5 1 0
19 6 0 -0.3
28 9 0 -0.3
28 17 1.5 0.75
31 10 -0.333333 -0.25
31 17 1 0
29 9 0.666667 -0.2
5 16 1 0
13 24 0 -0.3
12 41 -1 -0.666667
15 26 -1 -0.333333
53 32 0.333333 -0.25
52 33 0 -0.3
29 21 1.33333 0.444444
55 34 -0.333333 -0.25
49 36 0 -0.3
48 37 -1 -0.5
51 38 -1 -0.333333
1 33 2 0.8
61 40 -0.333333 -0.25
1 32 1 0
20 0 1 0
23 1 0.666667 -0.333333
12 26 -1 -0.666667
17 7 0.5 -0.25
16 4 1 0
29 11 0 -0.2
28 8 0 -0.25
31 9 0 -0.2
29 8 0.333333 -0.25
5 19 0.5 -0.25
4 16 1 0
7 17 0.5 -0.25
1 23 0 -0.333333
0 20 0 0
3 21 0 -0.333333
13 27 -0.5 -0.25
17 9 1.5 0.45
12 24 -1 -0.4
12 38 0 -0.444444
15 25 -0.5 -0.25
53 35 0 -0.2
52 32 0 -0.25
31 26 0 -0.333333
51 37 -0.5 -0.25
60 40 -1 -0.25
63 41 -0.666667 -0.185185
21 13 1 0
17 1 1.5 1.25
28 6 0.5 -0.25
4 30 0 -0.416667
0 18 0 0
17 11 0.5 -0.25
12 22 0 -0.416667
49 33 0.5 -0.25
61 37 0.333333 -0.277778
21 12 0.666667 -0.333333
20 13 0.5 -0.25
23 14 0 -0.2
16 1 1 0
19 2 0 -0.25
28 5 0.5 -0.25
4 29 0 -0.333333
1 16 1 0
0 17 0 0
13 20 0.5 -0.25
15 22 -0.5 -0.25
12 21 0 -0.333333
52 45 -0.5 -0.25
55 46 -0.666667 -0.185185
51 34 -1 -0.25
1 37 2 0.75
61 36 0 -0.2
60 37 -0.5 -0.25
63 38 -0.666667 -0.185185
21 15 0.333333 -0.166667
20 12 0.5 -0.25
20 18 1.5 0.45
23 13 0.333333 -0.166667
17 3 0.5 -0.25
28 4 0.5 -0.25
5 31 0 -0.166667
4 28 0 -0.25
1 19 0 -0.25
19 18 0.5 -0.25
0 16 0 0
3 17 0 -0.25
13 23 0 -0.166667
12 42 -1 -0.75
15 21 0 -0.166667
12 20 0 -0.25
52 44 -0.5 -0.15
3 18 -1 -0.4
49 35 -0.5 -0.15
4 17 1 0
48 32 -1 -0.25
5 21 2 1.5
51 33 -0.5 -0.15
1 40 1 0
61 39 -0.333333 -0.111111
60 36 -0.5 -0.15
17 13 1.5 0.75
13 21 1 0
16 14 1 0
28 2 1 0
1 29 2 1
0 30 0 0
16 18 2 0.8
53 45 0.333333 -0.277778
13 17 1.5 0.75
12 18 1 0
49 45 0.5 -0.25
61 33 0.666667 -0.2
63 37 -0.333333 -0.111111
60 34 0 -0.375
12 25 -1 -0.5
17 12 1 0
16 13 1 0
29 0 1 0
28 1 1 0
31 2 0.333333 -0.25
21 3 0.666667 -0.333333
0 29 0 0
3 30 -1 -0.5
53 44 0 -0.2
13 16 1 0
12 17 1 0
15 18 0 -0.3
49 44 0 -0.3
48 45 -1 -0.5
1 41 2 0.666667
19 22 0.5 -0.25
61 32 0.333333 -0.25
63 42 -1 -0.25
60 33 0 -0.3
60 41 -1 -0.333333
63 34 -0.333333 -0.25
17 15 0.5 -0.25
16 12 1 0
29 3 0.666667 -0.333333
28 0 1 0
31 1 0.666667 -0.333333
20 1 1 0
1 31 0 -0.333333
0 28 0 0
3 29 0 -0.333333
16 16 2 2
53 47 -0.333333 -0.111111
13 19 0.5 -0.25
17 0 1 0
16 61 0 -0.333333
48 26 0 -0.444444
51 17 0 -0
29 59 -0.333333 -0.111111
28 10 0 -0.375
49 47 -0.5 -0.25
12 1 1 0
15 2 0 -0.25
1 7 0 -0.25
49 28 0.5 -0.25
17 61 1 0
17 63 0 -0.166667
16 60 0 -0.25
61 1 1.33333 1
31 49 0.333333 -0.166667
16 0 1 0
13 3 0.5 -0.25
12 0 1 0
1 3 0 -0
19 1 0.5 -0.25
60 16 0.5 -0.25
5 7 1 0
21 4 1.33333 1
1 57 2 0.75
52 4 1.5 1.25
1 45 2 0.75
19 50 -0.5 -0.15
0 58 0 0
12 8 -1 -0.25
0 46 0 0
20 49 0.5 -0.25
0 62 0 0
49 9 1.5 0.45
0 12 0 0
12 48 1 0
7 29 0 -0.166667
5 52 1.5 0.75
31 53 0 -0
17 60 0.5 -0.25
49 40 0 -0.375
5 29 1 0
7 54 0.5 -0.25
7 34 0 -0.375
5 49 1.5 0.75
19 25 1 0
1 56 1 0
61 25 0.333333 -0.277778
29 51 0.333333 -0.166667
19 26 0.5 -0.25
1 53 2 1
51 25 0 -0.333333
0 57 0 0
0 45 0 0
20 48 0.5 -0.25
53 4 1.33333 1
20 50 0.5 -0.25
21 7 1 0
1 60 1 0
1 48 1 0
19 49 0 -0
49 8 1 0
13 48 1 0
48 9 1 0
5 55 1 0
48 28 0 -0.25
48 46 -1 -0.666667
3 6 -1 -0.4
49 39 -0.5 -0.25
5 28 0.5 -0.25
7 53 1 0
7 33 0.5 -0.25
5 48 1 0
49 29 1 0
49 11 0.5 -0.25
48 8 1 0
7 13 0 -0
31 50 0 -0.2
4 50 1 0
29 48 0.666667 -0.333333
20 54 1 0
13 57 0.5 -0.25
0 56 0 0
15 37 0 -0.333333
12 58 -1 -0.666667
48 12 1 0
55 45 -0.333333 -0.111111
53 1 1.33333 1
20 29 1 0
0 50 0 0
12 16 1 0
49 5 1.5 0.75
12 52 0 -0.25
23 17 1 0
20 14 0.5 -0.25
61 9 0.666667 -0.2
61 19 0.333333 -0.166667
19 53 0 -0.166667
51 22 -0.5 -0.25
28 48 0.5 -0.25
51 2 0 -0.25
4 49 1 0
7 30 -0.5 -0.25
5 53 2 1.5
19 29 1 0
61 43 -0.666667 -0.185185
1 52 1 0
0 53 0 0
0 38 0 0
23 50 0 -0.2
53 0 1 0
52 1 1 0
61 17 1 0
55 5 1 0
7 22 0.5 -0.25
48 5 1 0
61 8 0.333333 -0.25
0 48 0 0
52 16 0.5 -0.25
52 5 1.5 0.75
55 6 0.666667 -0.2
1 61 2 1
52 0 1 0
3 49 0 -0.25
29 20 1 0
55 33 0 -0.2
52 14 0.5 -0.25
20 53 1 0
4 48 1 0
60 2 1 0
63 5 0.333333 -0.166667
13 55 0 -0.166667
49 3 0.5 -0.25
4 54 2 0.75
51 1 0.5 -0.25
61 5 1 0
5 51 0.5 -0.25
12 56 -1 -0.4
48 36 -1 -0.4
4 13 0 -0.25
53 13 1 0
49 7 0.5 -0.25
49 4 1 0
3 13 0 -0.25
52 34 0 -0.375
55 13 0.333333 -0.166667
19 5 0.5 -0.25
60 4 0.5 -0.25
12 50 1 0
48 0 1 0
15 41 -0.5 -0.416667
12 54 0 -0.416667
3 14 -1 -0.4
49 1 1.5 1.25
15 53 0 -0.166667
7 18 0 -0.3
4 2 1 0
31 18 0.666667 -0.2
5 17 1.5 0.75
51 29 0 -0.166667
61 7 0.333333 -0.166667
5 36 1.5 0.45
7 45 0 -0.333333
49 15 0.5 -0.25
48 14 1 0
60 10 0 -0.375
0 61 0 0
1 0 1 0
1 25 2 0.75
61 16 0.666667 -0.333333
1 63 0 -0.333333
52 6 1.5 0.45
48 13 1 0
3 1 0 -0
0 52 0 0
31 6 0 -0.2
5 61 1 0
17 59 0 -0.333333
3 61 0 -0.333333
3 41 0 -0.444444
21 51 0.333333 -0.166667
5 4 1.5 1.25
15 49 0.5 -0.25
0 60 0 0
53 7 1 0
13 0 1 0
15 50 0 -0.3
12 49 1 0
28 25 0.5 -0.25
51 13 0.5 -0.25
52 12 0.5 -0.25
60 6 0.5 -0.25
63 1 0.666667 -0.333333
63 6 0 -0.2
60 5 0.5 -0.25
4 52 2 1.25
4 46 0 -0.444444
31 54 -0.333333 -0.111111
13 56 0 -0.3
49 0 1 0
16 52 0 -0.25
0 54 0 0
23 49 0.333333 -0.166667
28 24 0.5 -0.25
51 14 0 -0.3
49 12 1 0
13 51 0.5 -0.25
16 48 0 -0
20 4 1.5 1.25
61 3 0.666667 -0.333333
63 9 0 -0.2
4 60 0 -0.25
7 21 1 0
48 6 1 0
3 62 -1 -0.5
3 42 -1 -0.75
21 48 0.666667 -0.333333
49 13 1.5 0.75
52 2 1 0
29 57 0.333333 -0.277778
5 63 0 -0.166667
5 33 1.5 0.45
7 50 0 -0.3
49 20 0.5 -0.25
17 53 1 0
29 7 0.333333 -0.166667
51 30 -0.5 -0.25
61 4 0.666667 -0.333333
21 28 1 0
3 54 -1 -0.5
1 15 0 -0.25
4 53 2 1
51 6 0 -0.3
48 1 1 0
4 12 0 -0
13 4 0.5 -0.25
12 53 0 -0.333333
31 5 0.333333 -0.166667
5 60 0.5 -0.25
49 17 1 0
20 28 1 0
0 49 0 0
15 42 -1 -0.5
12 57 -1 -0.5
19 17 1 0
0 13 0 0
60 0 1 0
53 12 0.666667 -0.333333
15 54 -0.5 -0.25
13 7 0 -0
3 57 0 -0.416667
3 22 -1 -0.5
49 31 0 -0.166667
7 61 0 -0.166667
13 52 0.5 -0.25
48 2 1 0
3 50 -1 -0.4
48 10 1 0
3 58 -1 -0.666667
13 53 1 0
49 32 0 -0.25
7 62 -0.5 -0.25
60 38 -0.5 -0.416667
63 33 0 -0.2
4 22 2 0.75
48 29 0 -0.333333
13 59 -0.5 -0.25
16 49 0 -0.25
53 15 0.333333 -0.166667
60 18 0.5 -0.25
63 21 0 -0
5 3 0.5 -0.25
51 5 0.5 -0.25
31 58 -0.666667 -0.185185
19 30 0.5 -0.25
1 49 2 1.25
51 46 -1 -0.333333
29 55 0 -0
19 61 0 -0.166667
61 11 0 -0.2
55 1 0.666667 -0.333333
29 52 0.333333 -0.166667
48 4 1 0
13 5 1 0
15 58 -1 -0.333333
53 3 0.666667 -0.333333
21 49 1 0
21 31 0.666667 -0.222222
3 53 0 -0.333333
1 55 0 -0.333333
55 2 0.333333 -0.25
29 53 0.666667 -0.222222
19 62 -0.5 -0.25
61 24 0 -0.2
48 30 0 -0.416667
53 33 0.666667 -0.2
12 2 1 0
16 2 1 0
13 1 1.5 1.25
63 10 -0.333333 -0.25
60 1 1 0
0 14 0 0
1 13 2 1.25
28 50 0.5 -0.25
31 22 0.333333 -0.277778
5 13 1 0
16 62 0 -0.416667
51 26 -0.5 -0.416667
48 16 0 -0
3 2 -1 -0.25
5 32 1 0
7 49 0.5 -0.25
49 19 0 -0
17 56 0.5 -0.25
20 52 1 0
52 28 0 -0
12 4 0 -0
53 31 0 -0
15 5 0 -0
17 29 2 1.5
0 0 0 0
17 49 1 0
29 4 0.666667 -0.333333
5 15 0 -0
63 25 -0.333333 -0.111111
4 61 0 -0.333333
28 56 -0.5 -0.15
51 10 0 -0.375
28 52 0 -0
0 22 0 0
63 18 0 -0.2
60 25 -0.5 -0.25
17 51 0 -0
23 61 0 -0
20 60 0 -0
52 17 0.5 -0.25
1 20 1 0
21 63 0 -0
19 58 -0.5 -0.416667
61 20 0.333333 -0.166667
51 18 -0.5 -0.15
48 17 0 -0.25
16 56 0 -0.4
5 37 2 1
7 46 -0.5 -0.416667
49 16 0.5 -0.25
29 25 1 0
52 13 0.5 -0.25
55 30 -0.333333 -0.111111
55 14 0 -0.2
52 29 0 -0.166667
53 28 0.333333 -0.166667
15 6 -0.5 -0.15
12 5 0 -0.25
19 13 0.5 -0.25
0 1 0 0
31 21 0.666667 -0.222222
29 5 1 0
5 12 0.5 -0.25
60 17 0.5 -0.25
63 26 -0.666667 -0.185185
51 9 0.5 -0.25
4 62 0 -0.416667
28 53 0 -0.166667
63 17 0.333333 -0.166667
60 22 0 -0.333333
17 48 0.5 -0.25
1 51 0 -0.25
23 62 -0.333333 -0.111111
23 30 0.333333 -0.277778
20 61 0 -0.166667
15 10 -1 -0.25
52 22 1 0
1 17 2 1.25
21 60 0.333333 -0.166667
53 19 0.333333 -0.166667
23 5 1 0
61 21 0.666667 -0.222222
48 18 0 -0.4
16 53 0 -0.333333
15 1 0.5 -0.25
53 29 0.666667 -0.222222
12 6 0 -0.4
1 5 2 1.25
0 2 0 0
1 1 2 2
12 10 -1 -0.625
5 0 1 0
28 54 0 -0.333333
13 49 1.5 0.75
16 50 0 -0.4
20 62 0 -0.333333
21 61 0.666667 -0.222222
53 16 0.666667 -0.333333
0 21 0 0
60 24 -0.5 -0.15
1 36 1 0
61 27 -0.333333 -0.111111
28 49 0.5 -0.25
51 21 0 -0.166667
48 20 0 -0.25
7 37 1 0
5 44 0.5 -0.25
49 23 0 -0.166667
52 30 0 -0.333333
55 17 0.333333 -0.166667
1 59 0 -0.416667
23 54 0.333333 -0.277778
53 5 1.66667 1.5
15 9 -0.5 -0.15
13 11 -0.5 -0.15
4 1 1 0
3 5 0 -0.25
48 25 0 -0.416667
19 14 0 -0.3
0 4 0 0
48 34 -1 -0.625
7 1 0.5 -0.25
4 0 1 0
13 8 0 -0.25
29 1 1.33333 1
31 57 -0.333333 -0.111111
17 55 0 -0.166667
48 21 0 -0.333333
3 9 0 -0.4
55 18 0 -0.2
12 9 -1 -0.4
19 9 0.5 -0.25
60 8 0 -0.25
0 5 0 0
1 4 1 0
4 18 1 0
48 33 -1 -0.4
7 2 0 -0.25
29 56 0 -0.2
61 0 1 0
19 54 -0.5 -0.25
17 52 0.5 -0.25
60 26 -0.5 -0.416667
48 22 0 -0.416667
49 21 1 0
29 24 0.666667 -0.2
55 29 0 -0
52 18 0.5 -0.25
53 17 1 0
15 57 -0.5 -0.25
13 9 0.5 -0.25
60 9 0 -0.3
63 2 0.333333 -0.25
0 6 0 0
28 57 -0.5 -0.25
5 1 1.5 1.25
28 58 -0.5 -0.416667
5 5 2 2
16 54 0 -0.416667
48 24 0 -0.4
3 10 -1 -0.625
49 27 0 -0.333333
55 21 0.666667 -0.222222
52 20 1 0
53 23 0.666667 -0.222222
19 10 0 -0.375
0 8 0 0
1 11 0 -0.4
7 5 1 0
4 4 2 2
61 23 0 -0
19 57 0 -0.333333
23 53 0.666667 -0.222222
1 12 1 0
21 55 0.666667 -0.222222
7 38 0.5 -0.25
5 45 1 0
49 24 0.5 -0.25
55 22 0.333333 -0.277778
29 49 1 0
52 21 1 0
53 20 1 0
60 20 0 -0
0 9 0 0
1 8 1 0
4 14 0 -0.4
7 6 0.5 -0.25
4 5 2 1.25
16 57 0 -0.416667
1 9 2 0.8
21 52 1 0
49 25 1 0
53 21 1.33333 0.444444
60 21 0 -0.166667
63 22 -0.333333 -0.111111
0 10 0 0
7 14 -0.5 -0.15
4 6 2 0.8
16 58 0 -0.444444
17 57 1 0
21 53 1.33333 0.444444
60 32 0 -0.25
1 28 1 0
61 35 0 -0.2
51 45 -0.5 -0.25
4 21 2 1
48 44 -1 -0.4
52 46 -0.5 -0.416667
15 17 0.5 -0.25
